11betaHSD1,17betaHSD1,A2A,ACE2,ACE,ACHE,ADAM17,ADRB2,AKT1,ALR2,AR,AURKA,AURKB,BCL2,BRAF,CATL,CDK2,COX1,COX2,CTSK,CYP2A6,DHFR,EGFR,EPHB4,ERBB2,ER-beta,FGFR1,FKBP1A,FXA,GBA,GR,GSK3B,HDAC2,HDAC8,HIV1PR,HIV1RT,HMGR,HSP90,IGF1R,INHA,ITK,JAK3,JNK1,JNK2,JNK3,KIF11,LCK,MDM2,MK2,MMP2,NA,P38-alpha,PARP-1,PDE4B,PDE5,PDK1,PI3Kg,PIM-1,PIM-2,PNP,PPARA,PPARG,PRKCQ,PR,PYGL-in,PYGL-out,QPCT,ROCK-1,RXR,SARS-HCoV,SIRT2,SRC,Thrombin,TIE2,TK,TPA,TP,TS,uPA,VEGFR1,VEGFR2
1.0,0.5873471077430751,0.35665759564580934,0.6173516044175602,0.5001367378977054,0.2653251373771363,0.3429680291496463,0.4442074063435087,0.3614502948330805,0.4208723466551305,0.3212792826542011,0.18131854849004303,0.2581858283406839,0.46456922240795806,0.6932422309246299,0.3300504756229493,0.42218114181521366,0.7308384889089495,0.6256589059578288,0.5205250512247344,0.4008306631511619,0.6860029058477576,0.4317469433350188,0.4158190948604145,0.45471137571542414,0.12700813766835972,0.5159234905204751,0.3874944268290171,0.4042336996657861,0.5279102679324448,0.2948478276084219,0.5372434565439667,0.34023617467583683,0.378244745980999,0.4061018570091676,0.43415643151791283,0.21103930461964301,0.49122213491318606,0.412411481052695,0.39748737943956153,0.7342111043833022,0.470532556314213,0.6511939408780825,0.5809234615807914,0.32475527594263803,0.3300318471687781,0.5599268157105484,0.4439841816032103,0.4185204526800663,0.4836683212159738,0.7144963519254353,0.8171482709743455,0.4771061390919489,0.35979398148540165,0.31775168560157235,0.5404480850674017,0.445068856809234,0.45001996589152266,0.7193987854560635,0.5266687519432547,0.49962030069104174,0.30283939340535004,0.5141268349652883,0.3752971596835404,0.39938467219607027,0.4864041105384318,0.6959819626073941,0.45650916089916654,0.3601774287065824,0.19288136243612744,0.21347269662000287,0.6983409865991064,0.5770877664269476,0.5295579819695212,0.8305001725503026,0.20786752574278564,0.4225344051705643,0.3130608619228678,0.45048093285338964,0.6058335838048774,0.2725511165731615
0.5873471077430751,1.0,0.3124714168861472,0.47995938766562357,0.420683095138745,0.28378606547586854,0.3664112197576312,0.41427432180521845,0.3868983355108321,0.4145205400842677,0.33450415749233464,0.1897724880471054,0.28477459731547883,0.4453635574953471,0.62970257542319,0.35001322834725707,0.35946660382360873,0.5103559457264403,0.4557686057491805,0.47599580600940194,0.3697346189024369,0.5834238593879063,0.3593421366190181,0.3819572448469708,0.37252288258417715,0.13309222035532497,0.411018069801188,0.4074747481153194,0.43756026723916963,0.46544196956842676,0.3233178331511844,0.6011032239864961,0.300191377129608,0.328769898751892,0.35867528083194694,0.37117001421011153,0.2062618955555404,0.4053362966665058,0.347781382896885,0.39301710155263425,0.6136869866693555,0.40054706240233323,0.5438031103927026,0.6054825181411344,0.3362150852064942,0.3030689949754494,0.48865571204663044,0.40109604054531917,0.3475976013920137,0.47837916827600907,0.5167688141042425,0.5732732098051124,0.47049165441542184,0.31296537574273864,0.3095753888334164,0.43552991273057673,0.37423754820052063,0.37986710850307104,0.6802208378924932,0.5599388756431875,0.47264475601375355,0.30985012487341734,0.548926108848175,0.4173461534330584,0.420325471844836,0.4789734384827558,0.5678176100193465,0.3893281568603628,0.32370149975111345,0.18579223015371688,0.22180012924118292,0.5107209122385398,0.49741373575540493,0.5195209631142608,0.5398010502082472,0.22158388216770902,0.36828817591926033,0.3183474027152993,0.3943403799735381,0.6185924943999758,0.2878351686027916
0.35665759564580934,0.3124714168861472,1.0,0.45214158448415653,0.5398564998405013,0.1902869596186871,0.22582927071086206,0.3620032723232528,0.2253444135422373,0.2883573197958788,0.22253626301445295,0.1398491483789861,0.1799923345575539,0.439611202431923,0.3569691427071607,0.21459612325910615,0.6167598730903003,0.3932701438433843,0.4280679257631271,0.44906985741283106,0.47111407340962874,0.3499623109144219,0.6315261938655681,0.34793710403844336,0.4810250163500393,0.10698840997729102,0.5207691600228294,0.23209203209249007,0.25540893243123397,0.4626076992562717,0.20858574763668294,0.2774472813603289,0.754536338741057,0.6964738973470804,0.6455447574308587,0.5766943940236682,0.1693269642738572,0.4154858768402661,0.6192963707999513,0.297828291612157,0.36800005693305926,0.5565520020412174,0.31790261549803545,0.3118358706881617,0.2147466289117756,0.5583557237105972,0.3976233108742263,0.5525584239875253,0.6672997402140841,0.26417295282473696,0.3684887502217986,0.3580867549621875,0.30506695547292406,0.7263685768741137,0.4776831997463761,0.4254609394426768,0.4532770526283914,0.5951382922811783,0.3568027484748015,0.3129833376042686,0.2710583224019499,0.19928864307571176,0.2881958707364704,0.22696762907901336,0.2567902306416275,0.4258255301559477,0.39279957574044977,0.5913001156726913,0.4206020151774234,0.2785533070120916,0.16367748554137987,0.39917308652588385,0.3522803870118835,0.29974915636802896,0.3756659235874211,0.15554258256908746,0.6405113796340083,0.24162564053674176,0.4497795118776187,0.3317944632373245,0.19038950718451408
0.6173516044175602,0.47995938766562357,0.45214158448415653,1.0,0.6887994678569145,0.23999793335401481,0.3013831584205544,0.49036927217818704,0.30580355062265585,0.3987540439280446,0.29031271787230517,0.16633771718503834,0.22723713622333647,0.5768672000504902,0.6027704854152071,0.2848719754456926,0.5386977342291607,0.7152614770877406,0.711975629042475,0.6639301830758306,0.5045211543749537,0.5912313946864517,0.5568144029084368,0.44991639071989586,0.5776589105632357,0.12079026811970776,0.6791394447442718,0.31434898040441533,0.3499606756268058,0.7073225003460929,0.2672473175858008,0.40958237420733123,0.4235866663899889,0.4776340196954303,0.5229357249137014,0.5494434711471852,0.19718260646268163,0.580637390242737,0.5162349610840228,0.39614846701178574,0.6442722126956952,0.647574360284267,0.5075415656649629,0.48517197754462027,0.2836345774901423,0.39423250001657895,0.5653611029516178,0.5915426836934521,0.5412045610695847,0.3803716308354175,0.5904345159581866,0.6141139626253911,0.44003815779938904,0.4600506866339783,0.37761494432944204,0.6518129067347954,0.553300187148274,0.6170707448792607,0.6097402670808735,0.47431659371285545,0.3909769156498597,0.2590191537491071,0.4316510178941049,0.3106257273357533,0.3540100948678013,0.5830372967972643,0.6707516872634594,0.6336849692090096,0.4317525396018263,0.21501097276951564,0.19757477352280706,0.7477093105276743,0.5484235387726097,0.449344294785118,0.6525596295144245,0.1887335023101278,0.5556473755053285,0.30170459202197647,0.562869318051793,0.5301918827163495,0.24258415287633106
0.5001367378977054,0.420683095138745,0.5398564998405013,0.6887994678569145,1.0,0.21795674878071003,0.2672124340447104,0.431543604432225,0.2709205111074275,0.3444139577161237,0.25850203822865825,0.15535868140758963,0.20892598424706646,0.5595936688403227,0.4901689787994723,0.2538638207253299,0.6848056686293527,0.5486728599310855,0.5961166658483744,0.6221224202527832,0.5081844147496262,0.4726348327792344,0.690702709976259,0.3976042385530513,0.5358732848772263,0.1151984350136467,0.7630322845773448,0.2851844633622519,0.30854824130094877,0.6614695431281827,0.2414965028137533,0.3598631126422543,0.5072166107010124,0.5878742607904027,0.6762338685219779,0.704451083609284,0.18355954401556673,0.5024765623643216,0.6359756870667781,0.3479146525042622,0.515106055669442,0.7551061028624526,0.41549178091569877,0.40532103582177376,0.25228552081584554,0.4780103151175458,0.5473509507516316,0.7064359992698059,0.6454277479776168,0.32994587345076887,0.5137959670339043,0.4926548598118838,0.37527443536757626,0.5257613415428039,0.44143983097842776,0.5479853988845947,0.5155599421445117,0.720047146381092,0.5016044541980991,0.4011861505736775,0.3392793379489952,0.23365107477907263,0.3659241112422665,0.2765939497150812,0.30833046469732134,0.5645860590962081,0.5793342217140175,0.7514517573712233,0.4181080643172473,0.2372957762504837,0.18208661451201252,0.5612491919528226,0.4505678906316491,0.37769806439174275,0.5322777173685729,0.1750629287551087,0.7267596143432967,0.2717434249503881,0.5232476724267456,0.44108029057502,0.2195062166850426
0.2653251373771363,0.28378606547586854,0.1902869596186871,0.23999793335401481,0.21795674878071003,1.0,0.5351693901335582,0.2729752322386903,0.4616199937499567,0.3475535506284803,0.5436095049910451,0.3291604665553276,0.43480898261208434,0.24037977004239158,0.27833112697906637,0.5283055366573737,0.19926378856717086,0.2582880878928588,0.2403837853093328,0.24157676469211523,0.2277479369530774,0.2866290268358512,0.20262562853430874,0.27946915515605475,0.23302933409696291,0.19311346153490277,0.21788504112717932,0.2931305886621057,0.3844893558497949,0.23864366336004533,0.6274554806849896,0.2975287877980083,0.18359458162507541,0.19207829551973385,0.19942850753331393,0.20116011488179564,0.28158564635582495,0.25177084391297483,0.1972097718668773,0.3253703678267487,0.2710199012073898,0.21818244086690755,0.3037824896048365,0.31854337190594506,0.5380016032078319,0.17753475289004292,0.23216443434066533,0.21616059997932496,0.20192148096395435,0.33488686812592516,0.24561033730627038,0.2716549278719672,0.33272585498688845,0.19566326569976727,0.18330397798331105,0.251061768752046,0.23475461179629742,0.21341588356519808,0.27237188495529113,0.3189134179027703,0.3163294047593114,0.40201310748355884,0.3461394894517186,0.3966766624199954,0.4226070774251058,0.24172950344274263,0.24720423546215556,0.21618966380889817,0.22898884909154069,0.1309934886729093,0.49410655320745994,0.2582118068610338,0.28631206877452586,0.3368130372074786,0.2543081178090879,0.4226408854011635,0.20336959954143458,0.392182109225701,0.24151783105784091,0.29743163512654397,0.6936161529080921
0.3429680291496463,0.3664112197576312,0.22582927071086206,0.3013831584205544,0.2672124340447104,0.5351693901335582,1.0,0.34553058283093524,0.6482948534899451,0.46941809914679594,0.716876255240282,0.26593677521658415,0.39929676564213945,0.2973584302773019,0.3628189941346684,0.6805143077265269,0.23985868223115164,0.33134785867149824,0.30287650465892624,0.3017589072099923,0.2766719416790602,0.3792976286358739,0.2448469163771691,0.35251190195751353,0.28728292977753195,0.16644287980946806,0.26756006626893875,0.3528570349555881,0.5227340101376844,0.29765266697876747,0.619003377944697,0.38374361595691353,0.216874655923128,0.22938417763238786,0.23957449434451197,0.24282560346857057,0.2742053394606419,0.3176103679134066,0.23715428318523188,0.4205833702115486,0.35144182394245516,0.26735072624570344,0.41106477182936546,0.4338742778991177,0.6968213334545252,0.2085564755629635,0.28685655425962486,0.2630746699561323,0.2434679721132411,0.4487966198978413,0.31001279282622635,0.35388467572372745,0.4569788096824096,0.2329639700323378,0.2144831940482445,0.31829616009216977,0.2902542648014182,0.25980214934138185,0.3531509303797493,0.43260120245084516,0.4154403722413941,0.4385481690443515,0.4890319269369503,0.5044769315422387,0.6336840061056469,0.2992898298451736,0.31195276939809186,0.2636839464312124,0.27503407777150857,0.14638878059242919,0.3565240847704178,0.3306058486342074,0.3729635736472798,0.47073165571124526,0.3249826812223171,0.3262553829111234,0.24532932244907382,0.46472392603712215,0.29973967426150877,0.39717969268426495,0.5367552669852566
0.4442074063435087,0.41427432180521845,0.3620032723232528,0.49036927217818704,0.431543604432225,0.2729752322386903,0.34553058283093524,1.0,0.32585281477530414,0.5442891292469431,0.3475039637020398,0.1777914643709575,0.23576402395652948,0.5640223438235572,0.4923614110464444,0.30864369344909853,0.3708558250520336,0.48525128196363393,0.45312841869097675,0.5338820074981792,0.5617519421471201,0.5356407693530623,0.3827321045464345,0.7095244585057972,0.5177738921799881,0.13071281850210373,0.4116639806175911,0.2791414887103899,0.36914995602735534,0.5360776336926999,0.3106791598090471,0.35238477769183024,0.34251802194886877,0.3638332759622758,0.3835943397922786,0.3736105027102193,0.20816191851544472,0.6280556403253319,0.3620323390840759,0.5974569565503367,0.49334471232613947,0.4645121054383494,0.47438516048765983,0.4885912833966783,0.3161778637407308,0.3069302804389319,0.3763409717291874,0.4545085326074622,0.38465634711732016,0.3539119799896772,0.39393805318805364,0.46211422021840687,0.5455769124072367,0.39416748143890906,0.3256017809118191,0.5878906121521966,0.5787857291066287,0.4459825684144991,0.482603697802714,0.5524298786483225,0.35079968844379583,0.2608545397261612,0.4733528156702519,0.3093426047929989,0.416785046417138,0.4998647537441317,0.4319322350106618,0.45782592560691365,0.5400080521425579,0.19534822643836397,0.22346940624296835,0.5103446027638391,0.5052977579689335,0.4777871916454061,0.4339000189017648,0.20228456657097452,0.39906747460948117,0.39616127938217205,0.637709448861381,0.5387171755799577,0.2681411045217726
0.3614502948330805,0.3868983355108321,0.2253444135422373,0.30580355062265585,0.2709205111074275,0.4616199937499567,0.6482948534899451,0.32585281477530414,1.0,0.41597336405475244,0.5256656150281708,0.26634462056477765,0.436957571272972,0.29059598801170516,0.36963646093372754,0.7542360566215904,0.24361970292313279,0.33942936628906323,0.3120021985729642,0.2999118623836016,0.2669285272139038,0.3837523182881386,0.24859975444679763,0.3273941084800229,0.2818989143682719,0.16172615551592948,0.27375719484825045,0.4243354343160712,0.5272857103958588,0.2968398914050456,0.49396283713087286,0.4370458060640561,0.2172516929077123,0.23136140159632382,0.24170877174589225,0.24773226945196028,0.2736692763764837,0.3106195475505933,0.24172491047335337,0.3723064989849534,0.35939292822577446,0.2681364793805359,0.42912800989079014,0.4379926475517911,0.6480638082356944,0.21121868884366543,0.2999959853556856,0.26252017607555544,0.24580852313674945,0.5243121441023899,0.33069473455771464,0.36935613518281074,0.4303706432315248,0.230604297989134,0.2138759139806622,0.31616543782574164,0.28372450409138356,0.2596282545480773,0.36347578486326615,0.4190114338668904,0.47747179390975225,0.52463550329197,0.48657099450006563,0.6425615063811924,0.5383785143310953,0.2957516946243063,0.3250529697745989,0.26323171741595663,0.2607560874753735,0.14632282968485,0.32420325573183617,0.33557753383760985,0.36922516735017524,0.4663232300582498,0.34179420454405035,0.32551022212170605,0.24719168732059038,0.3836887065145993,0.2904158134911423,0.3991925016944956,0.5025431508281484
0.4208723466551305,0.4145205400842677,0.2883573197958788,0.3987540439280446,0.3444139577161237,0.3475535506284803,0.46941809914679594,0.5442891292469431,0.41597336405475244,1.0,0.48109167882912657,0.20620461138510865,0.2799087709006515,0.40975474679846813,0.4664830341052238,0.3984168753710257,0.30193270732107036,0.4340273386776502,0.3869898357570106,0.4057282194403995,0.38833628349562305,0.5134507788244231,0.3102521764726549,0.5586318475058274,0.401521166284731,0.1444780880765902,0.3394071106907464,0.3097659365034994,0.45324408983902903,0.4024149045549292,0.40232636243269576,0.38158396851647935,0.2735497371518111,0.28941847174278185,0.3036050920032237,0.3037529258206881,0.23585607465405967,0.4617558302069788,0.2957932536067796,0.7475985397832444,0.4530656057394306,0.3528426204278553,0.5109506981046448,0.5440299882505129,0.4186104752507741,0.253596338376655,0.3395245633467662,0.34492636763288836,0.31093458141386926,0.41584538838433394,0.3659325241711556,0.44178255319183046,0.6576228470407078,0.30474435567514435,0.26354748717152865,0.4473997395741534,0.41353834647222126,0.3443485076653429,0.44670537983430764,0.6055502781600697,0.4012869038912441,0.3165851200210505,0.5888718851398291,0.3759960212058273,0.6031870422974512,0.39534008250515756,0.38361514010490394,0.35010900030137243,0.39518354178306236,0.16964034811934742,0.272173676837925,0.44397320357806414,0.5057759861854586,0.586661621185117,0.3997155707433064,0.23952883114874043,0.3143070975723949,0.510403042931368,0.4330745101089756,0.5265608905322486,0.34112923322287025
0.3212792826542011,0.33450415749233464,0.22253626301445295,0.29031271787230517,0.25850203822865825,0.5436095049910451,0.716876255240282,0.3475039637020398,0.5256656150281708,0.48109167882912657,1.0,0.2638990898400092,0.3588650079629804,0.29070514917759943,0.3409100953402483,0.5633832990537673,0.23313708322508622,0.31664193249720424,0.29092658030661844,0.2921340291591784,0.2758675399835564,0.35923763875223613,0.23844219865465677,0.36043559693969573,0.2857217367185723,0.16877884269691937,0.2583739698133004,0.3128593701724106,0.46201373421301567,0.28871289964300273,0.6062104123382698,0.34162087923233053,0.21354980261992965,0.22452480415897466,0.23334454252514827,0.23524118664971358,0.2779171637068592,0.31568724705028905,0.23061069170437593,0.43717854109414805,0.3312877315900402,0.26088525312736555,0.383946686374414,0.40117217872883004,0.633648893768214,0.2030785966224036,0.27046821365473206,0.2564327432590871,0.23815702556938503,0.39621964933345216,0.2908696066588837,0.3324034697139541,0.4430091948797957,0.23118320744927937,0.20957905565379303,0.31210700457860485,0.2897945391217029,0.25459384578192523,0.3307766830781723,0.4095546719169671,0.37234672408209396,0.3936410514040283,0.44827206948676424,0.4232817316138274,0.5935417131846871,0.289020495550752,0.2938962912865388,0.25804924263899476,0.2805455448674314,0.1445944519217327,0.37903484351675815,0.31725800022216677,0.358035151730852,0.4379467784981782,0.30632018097654057,0.3176818875309575,0.23910196554013827,0.5257748661541897,0.2984716991728235,0.3732367220053409,0.518970194436731
0.18131854849004303,0.1897724880471054,0.1398491483789861,0.16633771718503834,0.15535868140758963,0.3291604665553276,0.26593677521658415,0.1777914643709575,0.26634462056477765,0.20620461138510865,0.2638990898400092,1.0,0.3397464937053406,0.1638740140648239,0.18405187806405446,0.28530964620812926,0.1459110067458252,0.17603725081523477,0.16857923539807487,0.16567359423620798,0.15721065046064414,0.18728729669326882,0.14789243701899188,0.18073198522153,0.16152174829428992,0.25761775024602984,0.15639072999274967,0.2181421036589365,0.23038273661003722,0.16440138153136066,0.2814173971255467,0.20311076800745897,0.1364668515121127,0.1417169362958208,0.14543344668859173,0.14731805110009696,0.2577502026775266,0.1706700776476743,0.14542059409945154,0.19734085522360686,0.18116666179556945,0.15486440088957065,0.1974361416361468,0.200204645654694,0.2822492426974802,0.13378474126446954,0.16574385619413734,0.15325063776848205,0.14717945515181263,0.2199980483581526,0.173935424815855,0.18344376672420873,0.20353386086160286,0.14238671050491886,0.13601881208569103,0.17100539894493866,0.1623047714024463,0.15203394816321933,0.1821282235521041,0.19817655376061866,0.2127836235581335,0.2918093073786395,0.21056093957467745,0.25213308149670605,0.23190327690544238,0.16529238261489476,0.1719109164406802,0.15333166231206916,0.15770693929022497,0.10488506890910582,0.38504843092498864,0.17505380703620577,0.1862908218141166,0.20721050143646194,0.1763734057611874,0.5298961479214973,0.14735179753340355,0.22402862104106966,0.16459861773162088,0.19160428203683383,0.3379992012111378
0.2581858283406839,0.28477459731547883,0.1799923345575539,0.22723713622333647,0.20892598424706646,0.43480898261208434,0.39929676564213945,0.23576402395652948,0.436957571272972,0.2799087709006515,0.3588650079629804,0.3397464937053406,1.0,0.22142762789206952,0.26457792003982156,0.4593505076231231,0.19223004334087415,0.244194694197931,0.23012959529941635,0.2265608696911869,0.20514496558327286,0.2657740620362616,0.19461843697907494,0.2367637261365806,0.21091226731499851,0.18477556643043178,0.21021339166176425,0.3503833706239637,0.3636020591978218,0.22342908587013652,0.412218622886061,0.3165429983847484,0.1746307182518529,0.1839378173809532,0.19162125358592566,0.19520452025911636,0.2641170893453763,0.22521341690945018,0.1909937023533013,0.2625270733857153,0.2582908537607385,0.20568199245085775,0.2832052371518951,0.29485075359475715,0.4063674946433782,0.1737473111080199,0.23376951159772624,0.20440814528629775,0.19235932806197642,0.34155738941629515,0.24563596647588587,0.2614208120959305,0.28763603299341034,0.18186862506761112,0.17717956923019246,0.22942669903726273,0.21066309829123414,0.20003941299230213,0.261884396397414,0.2846852669116518,0.32423160234718856,0.45535921504575655,0.3104512131613646,0.4434612253716673,0.3393543573506503,0.22756371332211944,0.2433907566033683,0.202860810264339,0.19944066282828052,0.12794427746314999,0.3356484878896778,0.24177560147959604,0.2616513796892209,0.3028115246401724,0.24826296896600625,0.4586815875058774,0.19437547199161256,0.2861565581791271,0.21658577502374599,0.2756777490762535,0.4631417299008595
0.46456922240795806,0.4453635574953471,0.439611202431923,0.5768672000504902,0.5595936688403227,0.24037977004239158,0.2973584302773019,0.5640223438235572,0.29059598801170516,0.40975474679846813,0.29070514917759943,0.1638740140648239,0.22142762789206952,1.0,0.5202669812718377,0.27337335071862745,0.46101054263805447,0.5049309584481425,0.4906243890830032,0.755737441521885,0.6680221053946215,0.5113669718893529,0.464912789127654,0.4915151554104755,0.5202896154869915,0.12253219595903184,0.4958693930396937,0.27718001336562753,0.3388566585151979,0.7294787960073293,0.27304828216075283,0.35631891759654416,0.41280691563738214,0.44648011133003607,0.4979044170504278,0.46757171749171345,0.1892394023678429,0.5449411016904646,0.4390853133817859,0.4315993795472759,0.5300198854516144,0.5953556292586313,0.42969829036928203,0.45326256506459556,0.27314985805930053,0.38446303693107514,0.45064216349256003,0.6432411413355161,0.4590683527077434,0.3330588173343949,0.4300406106882779,0.4730697388006274,0.4419433913210682,0.46029992172203016,0.42442982169029136,0.5677779003241664,0.544895442627306,0.553076869083922,0.5250343252140557,0.4814100381854808,0.33467050995006037,0.23945748842080952,0.4132349003335403,0.2897469933835574,0.35088088674197737,0.7343390383801598,0.5072834540299077,0.5891618028415532,0.48989555012524305,0.22249453290593924,0.19777197713472036,0.5326349173187901,0.4814376435834631,0.41919251044847383,0.4650052920131109,0.18650051378789517,0.5166890815730774,0.3189332650307327,0.6368061630133688,0.5093160317272606,0.2374041039872757
0.6932422309246299,0.62970257542319,0.3569691427071607,0.6027704854152071,0.4901689787994723,0.27833112697906637,0.3628189941346684,0.4923614110464444,0.36963646093372754,0.4664830341052238,0.3409100953402483,0.18405187806405446,0.26457792003982156,0.5202669812718377,1.0,0.34013074816962385,0.40575883559984993,0.6802075865873477,0.565333362962223,0.5747452679213627,0.4336136717238751,0.7701294145577263,0.4140326392422564,0.46127348543358654,0.4673447656744766,0.12979638941080604,0.48583576204282636,0.3667874798309083,0.4431972297028891,0.5620561040551381,0.3169663172517862,0.5126477654006177,0.33590243311831086,0.36897074137922214,0.40175512965019755,0.4138747840374032,0.21357844422973443,0.5059109017233293,0.3934197523643838,0.44718096702668003,0.88044921897343,0.4688238425183266,0.6324638840257474,0.6803455788951374,0.33356644651547507,0.32566861765506233,0.544414823866119,0.4592315663831325,0.40566329823048397,0.4735069675204325,0.5768228914923446,0.738509345499125,0.5424266875863889,0.3614106267810893,0.3274857480886676,0.5509165124840915,0.45228637821283235,0.4471676680031247,0.8111573957078961,0.6134649453198892,0.4790980458006727,0.3001076654040889,0.5615828332448091,0.38042394026095555,0.43887733835509674,0.5574205698064074,0.657619177430713,0.4610507397947989,0.38445392636982023,0.19347196696085758,0.2208414380395078,0.6828062721435122,0.6790766050232647,0.5950086227708018,0.6476620529351718,0.21327479714919634,0.41732216796032695,0.34251369918247604,0.48311863672380195,0.6984687548805941,0.281362450698777
0.3300504756229493,0.35001322834725707,0.21459612325910615,0.2848719754456926,0.2538638207253299,0.5283055366573737,0.6805143077265269,0.30864369344909853,0.7542360566215904,0.3984168753710257,0.5633832990537673,0.28530964620812926,0.4593505076231231,0.27337335071862745,0.34013074816962385,1.0,0.22973603267356985,0.31451497510768645,0.2900779773739709,0.2805044868627875,0.2538643112487706,0.35191412365564323,0.23442129873576367,0.31391547483748444,0.26799523882491805,0.16831434353182756,0.2565038217315364,0.38750573857079273,0.4987289250911598,0.2774017647091042,0.5377772240910411,0.3893975530128322,0.20668659798773292,0.2189277630352629,0.2279968295601754,0.23286988780456788,0.288181239755386,0.2927781749852848,0.22796289220853427,0.3593016400983369,0.33072894381841567,0.25190053260058465,0.3887351826748092,0.39866406261262716,0.7310512186165993,0.20041485984612772,0.27899256991138544,0.24704824192689434,0.2326220105043615,0.4671785793952541,0.3038248944024098,0.3383097838597973,0.4016807248292053,0.21980346489902905,0.2033105144377423,0.2958462258749339,0.26851559007335934,0.24503509770507267,0.3324400076512209,0.38470981610420885,0.43135630362721955,0.5450332415189529,0.4387125960437659,0.570889014516653,0.519615667704588,0.2776072810993429,0.299485779996833,0.24822812833919716,0.2512380891524849,0.14130035548791475,0.3586201832115774,0.31150066873022897,0.34645130750057146,0.4281010092788226,0.31392629424428475,0.3545831360650685,0.2330355380461517,0.3912984943463286,0.2749129346061596,0.36371158697018274,0.5904387388214583
0.42218114181521366,0.35946660382360873,0.6167598730903003,0.5386977342291607,0.6848056686293527,0.19926378856717086,0.23985868223115164,0.3708558250520336,0.24361970292313279,0.30193270732107036,0.23313708322508622,0.1459110067458252,0.19223004334087415,0.46101054263805447,0.40575883559984993,0.22973603267356985,1.0,0.45662120431999437,0.5032250037606475,0.4927972791205593,0.4484409131393896,0.39398718960549867,0.7933560328405416,0.34792326698969045,0.47858265676453543,0.10964564635123804,0.6641343872830792,0.26161556375971595,0.27303354095638027,0.5138536531110278,0.21827267394534547,0.3181775907505951,0.5981023861794686,0.6975538111642123,0.732270342116808,0.8414299991992495,0.17309516642281067,0.432319137639179,0.768166938252558,0.30524387652118445,0.4235391140407684,0.6307450351210341,0.3569887484969222,0.3445461960678725,0.22880641857792414,0.5642590761821954,0.4755247058819652,0.5948386761941894,0.731769790887379,0.294113911563525,0.44691938228994943,0.4143946253507791,0.3232080356697219,0.5590737088808904,0.45482060136068575,0.45720487768088003,0.45784040663131054,0.668712395235326,0.41349055839343635,0.3409327617356405,0.3031019257432357,0.21528242831460276,0.3164733064114428,0.24912889849300165,0.27249240792025375,0.46050374062110583,0.47251626664721347,0.6451855845063027,0.3853245722370034,0.2568701743772945,0.16925575690682257,0.46150450576089447,0.38319691038934506,0.32590901215537,0.4499834416818895,0.1629883541221741,0.7651136592999884,0.24460050100490308,0.44814209080899753,0.3695065096893701,0.20115854444778355
0.7308384889089495,0.5103559457264403,0.3932701438433843,0.7152614770877406,0.5486728599310855,0.2582880878928588,0.33134785867149824,0.48525128196363393,0.33942936628906323,0.4340273386776502,0.31664193249720424,0.17603725081523477,0.244194694197931,0.5049309584481425,0.6802075865873477,0.31451497510768645,0.45662120431999437,1.0,0.7218911619548115,0.5715815418842836,0.4461051774340299,0.686279169832726,0.4753168134667616,0.46101399122887615,0.5419875578457943,0.1248325710023272,0.5732085412252005,0.34637501593168185,0.3899780941120684,0.5831900497732966,0.28753323522092916,0.45791817557384334,0.36880595416874595,0.40950046713243193,0.4373890168355151,0.4631579347420948,0.21110146201511407,0.5716201900577154,0.4464992643021951,0.41835407205598446,0.7249378331968289,0.5236365985562527,0.6096008336503433,0.5516324669646503,0.3129062719792595,0.346337065106202,0.5550289590806535,0.4839447801095293,0.4677158619425705,0.44057947879130516,0.6460049615111098,0.7676341925153206,0.4880666259733751,0.40065079966060524,0.3317280088558608,0.6343914670342651,0.5105746992718243,0.5067843700334242,0.65504172333438,0.5165213670766203,0.45552027741707546,0.2863737843165146,0.4853861588931616,0.3442397273810835,0.3932074873015392,0.5175470639290781,0.6614266655710516,0.5140653310474037,0.4060211848776903,0.19937422891703216,0.210260302212856,0.8557319585472486,0.6386723919455413,0.5206476863533862,0.7604370980084203,0.20098337549652043,0.45942843840865794,0.3213217607170646,0.5160039947548941,0.5801620133555007,0.2633234171340327
0.6256589059578288,0.4557686057491805,0.4280679257631271,0.711975629042475,0.5961166658483744,0.2403837853093328,0.30287650465892624,0.45312841869097675,0.3120021985729642,0.3869898357570106,0.29092658030661844,0.16857923539807487,0.23012959529941635,0.4906243890830032,0.565333362962223,0.2900779773739709,0.5032250037606475,0.7218911619548115,1.0,0.5686986666590993,0.4470078376439735,0.5641817318773545,0.5387470393978654,0.4347368795986509,0.5535261690684379,0.12055608970324279,0.6618327947136222,0.3262432883487744,0.3572600615635694,0.5858150402704507,0.2657847709252026,0.4149619356978881,0.40357753196123386,0.4573760413688052,0.4804626035729971,0.5166561035532297,0.20685740413541423,0.5666151157388887,0.5104194321820386,0.3801088094818117,0.6021955538345992,0.5728014938963405,0.5225531236126117,0.4711329666334253,0.2880617243042514,0.3750593795454725,0.568009252180851,0.5110613570712654,0.5261570205770442,0.3986171899409908,0.6504452586475566,0.6389847407046987,0.4385317543683539,0.4332255300174884,0.3481826192111735,0.6426080527634133,0.5222140918091976,0.5394877842507149,0.5606121334735066,0.44980203720761697,0.4141772544662267,0.26830027201358736,0.422315491367501,0.31483171176127633,0.35176467290918084,0.49858215635193953,0.6315718859175301,0.5478676600335495,0.40328022771449373,0.20873042157460026,0.1983742268981365,0.6795021483346402,0.5345428168753956,0.4512198399715493,0.6953794809619293,0.1907967407020207,0.5012344975063833,0.30040314867183504,0.5154422887352881,0.5052891474846194,0.24478687578653258
0.5205250512247344,0.47599580600940194,0.44906985741283106,0.6639301830758306,0.6221224202527832,0.24157676469211523,0.3017589072099923,0.5338820074981792,0.2999118623836016,0.4057282194403995,0.2921340291591784,0.16567359423620798,0.2265608696911869,0.755737441521885,0.5747452679213627,0.2805044868627875,0.4927972791205593,0.5715815418842836,0.5686986666590993,1.0,0.5886088663534857,0.5528069875369189,0.5036082619964637,0.4802671746203068,0.5400610936844829,0.12202666188263758,0.5612462109480911,0.2945984218183842,0.35375645240038794,0.8277897730262,0.2736669950474071,0.3824812007507324,0.420315746767513,0.4674214517786483,0.5229569783265271,0.5058011546322243,0.19473667897564578,0.5666036643916306,0.47598085076360824,0.4182076151522963,0.5955103237410788,0.6432996388979849,0.4631007939220637,0.4771614800044897,0.2785085663263797,0.39654316745628315,0.5138784409692804,0.6610798183056307,0.49272099355938564,0.35570040311333156,0.48950618304505333,0.5331308890803284,0.45473342642650444,0.46085799642976877,0.4165377434633631,0.6205757174311985,0.5466626968855387,0.5756476169252962,0.5791772502653424,0.4899473561372154,0.3598976455839461,0.24861246699277043,0.42622418608544776,0.30112553808662457,0.35590311238062045,0.7455298208632081,0.5825985300550567,0.616404420816461,0.4586555079909739,0.2210310732710306,0.1978774056248504,0.5939075647453951,0.5158216744522511,0.4403626911646482,0.5292350319018279,0.18878321358803207,0.5428190952854939,0.31531809572833386,0.6203985929654978,0.5391588954261819,0.24045503290037556
0.4008306631511619,0.3697346189024369,0.47111407340962874,0.5045211543749537,0.5081844147496262,0.2277479369530774,0.2766719416790602,0.5617519421471201,0.2669285272139038,0.38833628349562305,0.2758675399835564,0.15721065046064414,0.20514496558327286,0.6680221053946215,0.4336136717238751,0.2538643112487706,0.4484409131393896,0.4461051774340299,0.4470078376439735,0.5886088663534857,1.0,0.43910919131013887,0.458729651979429,0.5069488430964717,0.5580182872314289,0.11949379077191297,0.4610140570378376,0.2494566955429572,0.30638695754779016,0.597178302994761,0.2558166809322884,0.31041477113613486,0.4404669027938214,0.45858028790973615,0.48795410583973114,0.4459301808144009,0.1852689792781181,0.5558782944794775,0.43238660608088486,0.4188655478328432,0.44192529328880037,0.5738440075707898,0.38272120246594826,0.3917169072193895,0.25657504634914297,0.38060028813668234,0.38890337757336346,0.5960986722668541,0.4656860692989454,0.2994601168554764,0.37762168885840697,0.4096526788136054,0.4028453795599476,0.5246881077732961,0.41889438538430446,0.5422725197846002,0.6047213952700745,0.5582750149477509,0.4312307823561555,0.4175808782182472,0.3013772777556097,0.22329777679533339,0.36571527294695516,0.26180430855655634,0.32366866224658075,0.5576331384171097,0.4252355744265452,0.5842493943612321,0.6150916405596979,0.2295602336901988,0.1914600958599486,0.4683489727972431,0.43019383661653054,0.37429732925088216,0.4055405329802015,0.17705315768280208,0.5059159072121794,0.31258114276802346,0.6990570293592157,0.4302877074721644,0.22421133408389166
0.6860029058477576,0.5834238593879063,0.3499623109144219,0.5912313946864517,0.4726348327792344,0.2866290268358512,0.3792976286358739,0.5356407693530623,0.3837523182881386,0.5134507788244231,0.35923763875223613,0.18728729669326882,0.2657740620362616,0.5113669718893529,0.7701294145577263,0.35191412365564323,0.39398718960549867,0.686279169832726,0.5641817318773545,0.5528069875369189,0.43910919131013887,1.0,0.4047690613729973,0.49594246564668476,0.4808714282571877,0.13161448347124427,0.4698499478352945,0.3607991857879772,0.44078720831291696,0.5526416992062966,0.3250540886250038,0.4959412890306678,0.3309470865744593,0.3625898840131552,0.389734682401708,0.4016804860110083,0.21724270853146932,0.5486949586709804,0.3835444384950647,0.4840770295676408,0.7649742353751063,0.4649381082411332,0.7175792363715581,0.7073700025970274,0.3503026396728152,0.3136672559686786,0.4863504657994186,0.4461397111142154,0.3978738756604566,0.4788720627140267,0.5501979495374711,0.7279179796288134,0.5893174035042704,0.36102934478153553,0.314938270904733,0.5894118876876386,0.4810960769543643,0.44390797780177743,0.7398781707866127,0.6717420869560015,0.4802277484420334,0.30643873971135843,0.6123999127356756,0.3839581618631955,0.46211148581807304,0.5182815315333981,0.5944365539570282,0.4540616959913218,0.398860907857538,0.18931325823964631,0.22750512751174437,0.7002047366215048,0.6694082153946291,0.6337050044121553,0.6309895099307383,0.21620112974746986,0.40654504783402956,0.35934290311168776,0.5030575872080164,0.7660678985363576,0.2903208156687403
0.4317469433350188,0.3593421366190181,0.6315261938655681,0.5568144029084368,0.690702709976259,0.20262562853430874,0.2448469163771691,0.3827321045464345,0.24859975444679763,0.3102521764726549,0.23844219865465677,0.14789243701899188,0.19461843697907494,0.464912789127654,0.4140326392422564,0.23442129873576367,0.7933560328405416,0.4753168134667616,0.5387470393978654,0.5036082619964637,0.458729651979429,0.4047690613729973,1.0,0.3632134800549434,0.5158907832884533,0.1104667791884545,0.7169607748246598,0.2642550182155825,0.2803691321385168,0.5278343555542124,0.22208904897613332,0.32109889831301924,0.5939297771664166,0.6989004258966292,0.7015007592529956,0.7597278414294024,0.17865670082887075,0.45902251221753504,0.8345069595976319,0.314005015879786,0.43225280275856925,0.6526049910586923,0.36836799104071355,0.35248428153923594,0.23365410125657193,0.5246980812927963,0.4842564621086062,0.5936175642246347,0.8404703835884187,0.30132251079605626,0.4595956327095921,0.4281892432808239,0.3347812810745177,0.5836753212746627,0.4334653459695542,0.4880293517526648,0.4840949525962482,0.6752430458358366,0.41807665099921665,0.34769538947833645,0.3113516714207666,0.21943476051194694,0.32252710058994355,0.2525927311065534,0.2790966444721191,0.46157655858452395,0.4808130148947222,0.6645717478120443,0.401097806420179,0.25042427438719844,0.17203673696188976,0.47717637344210967,0.3972973025660934,0.33583829841894747,0.46392852788907774,0.1652084920777564,0.7294744327037248,0.2519847147492705,0.47125228266551467,0.3772625024402947,0.20458967552869
0.4158190948604145,0.3819572448469708,0.34793710403844336,0.44991639071989586,0.3976042385530513,0.27946915515605475,0.35251190195751353,0.7095244585057972,0.3273941084800229,0.5586318475058274,0.36043559693969573,0.18073198522153,0.2367637261365806,0.4915151554104755,0.46127348543358654,0.31391547483748444,0.34792326698969045,0.46101399122887615,0.4347368795986509,0.4802671746203068,0.5069488430964717,0.49594246564668476,0.3632134800549434,1.0,0.5163969125530214,0.13179426439903022,0.38906940576428223,0.2735956025831132,0.3807863707458077,0.4755902371791691,0.3180630209089541,0.3373804393420933,0.32603596742571217,0.34341190473637007,0.3568460683874322,0.34823379885828337,0.22126014641096692,0.6021828584532848,0.3444293672793627,0.6308567074064513,0.4586721634135331,0.42444595158427834,0.4575964516655196,0.46682551561088464,0.32285600397173236,0.29055129226956056,0.3603662710124252,0.4124156444132974,0.3690797239750872,0.35357406584365175,0.37513180708307375,0.4412397679031846,0.5619271169357888,0.3774429797995224,0.3041911005599035,0.5534612209027466,0.5394499104311254,0.41161392910542083,0.43961337621390306,0.5094555629827173,0.350960452798649,0.2649114131943855,0.45224798277201594,0.30592914033836177,0.4285884867408311,0.4515383823539241,0.4009889817429506,0.42184525817857893,0.5456183100144745,0.18957086634564876,0.23011489536199037,0.4745680524423294,0.5084065954420192,0.4803286952180822,0.4098908588732879,0.205787717675177,0.36958797445869435,0.4345326162905452,0.5883312995548496,0.49042863647397067,0.2736972538154071
0.45471137571542414,0.37252288258417715,0.4810250163500393,0.5776589105632357,0.5358732848772263,0.23302933409696291,0.28728292977753195,0.5177738921799881,0.2818989143682719,0.401521166284731,0.2857217367185723,0.16152174829428992,0.21091226731499851,0.5202896154869915,0.4673447656744766,0.26799523882491805,0.47858265676453543,0.5419875578457943,0.5535261690684379,0.5400610936844829,0.5580182872314289,0.4808714282571877,0.5158907832884533,0.5163969125530214,1.0,0.11905980018780578,0.5413349232045978,0.27005351256707266,0.3237011342184708,0.561953333702256,0.2578275360475989,0.3329730043759306,0.43522899399123527,0.4624816852650212,0.47250400753749355,0.46664953866581427,0.20048630028936706,0.6714099324278262,0.4741342111139505,0.41384053307783125,0.48041990527316697,0.5707866091945419,0.4331570683191476,0.41472257223384096,0.27168412074422127,0.3669085715081452,0.4290448751119543,0.5206534323010337,0.5402183759652524,0.33392909618956396,0.436865202961045,0.47300968404381344,0.4223298112487361,0.5254216995741673,0.35431471177016843,0.6489549014782452,0.6804815874995722,0.5899629537017457,0.45016297838076125,0.4185540672018736,0.34180239034175053,0.24199808728686473,0.3812947121237921,0.2767746227038352,0.3391136092687277,0.48568521573280865,0.46211991448657536,0.5948312516867769,0.567392344416263,0.21555703317157884,0.19653333299433254,0.557046951503474,0.503727232327716,0.4086877285305213,0.472874246387347,0.181653066489713,0.4995355480101147,0.31499212929729326,0.6594277419348936,0.43819275689887704,0.2335637921328646
